1.012067 0.937377 
1.225414 726.704171 
1.436951 794.187166 
1.637875 826.579089 
1.838898 821.402011 
2.040608 723.414513 
2.252105 785.257249 
2.463600 744.416592 
2.674525 794.216127 
2.875834 650.939882 
3.076861 823.768413 
3.283778 763.205828 
3.492587 682.726338 
3.705608 666.977128 
3.908871 580.923442 
4.119083 614.236039 
4.319642 811.333333 
4.525411 431.551561 
4.730002 509.114354 
4.938507 559.410444 
5.152365 787.812127 
5.354924 774.883380 
5.555598 777.381112 
5.761461 806.752593 
5.967150 765.426368 
6.179387 746.334346 
6.380887 778.956854 
6.591082 792.410010 
6.805149 784.799253 
7.008142 725.938537 
7.213560 808.497334 
7.414203 777.498868 
7.620482 809.778632 
7.827885 800.759167 
8.030253 770.870488 
8.237523 805.906601 
8.440364 771.440530 
8.651180 701.277264 
8.864420 787.844612 
9.066422 777.021717 
9.266786 773.792139 
9.474507 806.466176 
9.683389 799.686548 
9.887478 689.110269 
10.089384 392.261806 
10.293790 382.767172 
10.509109 307.637309 
10.710196 584.820588 
10.922249 789.991863 
11.126238 814.161364 
11.337990 793.379767 
11.544086 761.585411 
11.744232 779.433064 
11.944397 781.755365 

