1.035075 0.598047 
1.241284 548.567258 
1.446829 794.767267 
1.655790 725.877147 
1.858244 560.325363 
2.059070 566.460098 
2.265420 617.202126 
2.469070 499.683045 
2.679035 776.509875 
2.906645 445.674088 
3.122260 699.022014 
3.337829 586.356835 
3.545680 659.702447 
3.757830 704.409178 
3.966462 671.037222 
4.166733 691.064102 
4.393385 334.609355 
4.602016 664.906425 
4.803551 751.037049 
5.013850 782.881791 
5.227101 775.051134 
5.429078 808.804254 
5.635126 795.931204 
5.847472 773.831210 
6.058659 779.592389 
6.265748 791.933271 
6.466961 758.596944 
6.668379 751.473705 
6.872366 802.404543 
7.085669 770.358401 
7.286486 761.688241 
7.498306 775.753862 
7.701616 805.075169 
7.902442 761.653226 
8.103890 809.339415 
8.304551 762.280837 
8.509249 750.376628 
8.709934 760.595114 
8.919898 782.608321 
9.129401 833.974359 
9.330038 814.206037 
9.542065 778.014569 
9.747198 799.483066 
9.958984 778.898977 
10.168329 786.451917 
10.373303 800.102589 
10.575851 753.598477 
10.781449 789.890487 
10.989020 787.008062 
11.200581 779.726657 
11.401832 811.724824 
11.612089 779.998625 
11.817936 796.707244 
12.626514 204.012466 
12.862070 214.640683 
13.104577 257.972236 
13.321510 231.592221 
13.521882 252.331072 
13.733120 236.321049 
13.947917 297.209965 
14.922870 12.964738 

