1.004955 0.494771 
1.644264 1.001081 
1.853064 802.299692 
2.061849 804.656343 
2.271811 800.143664 
2.481713 800.374408 
2.692820 798.077788 
2.894710 777.452044 
3.105386 797.434899 
3.318633 792.320453 
3.528989 798.645588 
3.738542 801.705151 
3.949482 798.712079 
4.152658 819.779968 
4.361911 802.858612 
4.572708 799.252229 
4.775383 821.806684 
4.975557 781.719037 
5.182903 807.927918 
5.395417 792.794507 
5.600330 765.981583 
5.807515 808.553726 
6.014299 807.798865 
6.219013 766.729650 
6.426207 803.882990 
6.632715 806.554128 
6.835235 775.035073 
7.041743 808.877778 
7.242821 778.208499 
7.443907 778.175143 
7.656713 791.705044 
7.868903 791.744141 
8.082554 790.823415 
8.289823 761.908449 
8.490814 778.539104 
8.703969 790.413678 
8.915498 796.483092 
9.127202 838.908215 
9.329719 775.045965 
9.540057 796.434344 
9.749585 799.509432 
9.961262 750.578793 
10.173907 790.047378 
10.377402 771.323535 
10.583454 810.668852 
10.785856 822.915123 
10.993851 805.404417 
11.195948 776.657991 
11.408306 791.116373 
11.618351 799.826712 
11.826873 757.331473 
14.499531 58.787913 

