1.012987 0.623797 
1.214653 750.546737 
1.420475 792.142941 
1.634114 816.329614 
1.835694 757.218177 
2.038940 802.178698 
2.251268 773.899009 
2.460689 783.111928 
2.662661 755.746544 
2.868191 794.825619 
3.073438 795.918296 
3.280290 626.533012 
3.490138 557.357354 
3.725413 482.158653 
3.930261 678.745813 
4.131980 498.120213 
4.340473 544.095653 
4.550083 482.419322 
4.760669 421.679388 
4.969607 425.007588 
5.178264 605.776879 
5.389307 414.702268 
5.614608 569.550172 
5.817251 310.299037 
6.021687 675.419430 
6.235192 469.123637 
6.441922 435.737528 
6.644824 685.257003 
6.850198 489.252861 
7.071213 456.078112 
7.276592 377.059408 
7.485946 541.855283 
7.693644 725.671631 
7.901758 668.092639 
8.101901 569.994321 
8.340697 632.505276 
8.551355 538.502481 
8.752959 678.560930 
8.957205 428.501069 
9.159216 555.218161 
9.359232 442.365250 
9.572184 356.136121 
9.781552 481.449279 
9.984350 378.701650 
10.193842 481.163235 
10.422580 497.339285 
10.628577 487.773753 
10.832333 745.989694 
11.032929 759.338549 
11.234031 755.834374 
11.442317 785.843019 
11.651738 781.583886 
11.853438 756.765897 
12.149167 468.320088 
12.394392 301.437809 
12.643283 346.497782 
12.901389 144.932751 
13.106353 64.479382 
13.316263 297.728040 
13.525717 355.056321 
13.740077 297.219746 
13.942137 193.684640 
14.336476 96.972589 
14.542434 539.914089 
14.814172 499.894212 

