1.047128 0.584873 
1.283780 269.763324 
1.513102 440.951972 
1.740969 382.678737 
1.978776 419.835962 
2.199449 456.785019 
2.422319 286.444281 
2.667187 412.958361 
2.869404 373.459320 
3.098831 491.659736 
3.320158 292.779485 
3.526511 488.483185 
3.734360 366.421170 
3.944976 358.566375 
4.160881 352.747179 
4.365570 430.703582 
4.580504 405.705311 
4.783279 375.589562 
4.984130 380.779299 
5.201628 347.221956 
5.419657 405.816508 
5.623218 312.043798 
5.829686 425.442393 
6.031156 439.170825 
6.243600 413.474850 
6.458505 408.739049 
6.680988 397.693346 
6.921040 267.274915 
7.123691 316.603514 
7.324213 560.934875 
7.526570 373.201571 
7.752737 283.684861 
7.965901 472.875059 
8.186623 345.049784 
8.391645 428.440570 
8.600663 306.960108 
8.810412 479.049519 
9.028306 404.599769 
9.270499 367.971237 
9.491498 398.915217 
9.693712 381.379144 
9.929336 367.364067 
10.132366 440.526859 
10.338544 366.285697 
10.558090 343.981871 
10.793170 376.383080 
11.005824 475.513026 
11.215959 303.805504 
11.417476 435.893164 
11.633385 405.355538 
11.836900 431.614519 
12.050801 305.935876 
12.262522 356.696427 
12.466326 310.101007 
12.666391 499.038968 
12.877593 246.966834 
13.079193 373.017007 
13.308965 493.705864 
13.546418 322.085463 
13.785618 368.561243 
13.991104 430.588371 
14.200489 421.042688 
14.404109 374.030537 
14.605137 374.077917 
14.826805 346.462856 

