1.047128 0.584873 
1.283780 269.763324 
1.513102 440.951972 
1.740969 382.678737 
1.978776 419.835962 
2.187234 429.055675 
2.423246 322.695612 
2.629802 484.903334 
2.833293 374.268417 
3.298124 165.221372 
3.500315 371.925309 
3.702167 435.170881 
3.916235 360.258551 
4.116337 435.778498 
4.323072 308.800360 
4.532030 299.390652 
4.739583 551.183598 
4.949241 363.258196 
5.151126 372.489637 
5.528031 135.843392 
5.733868 368.446595 
5.938267 369.473578 
6.139342 375.580113 
6.349454 419.586817 
6.566853 404.048840 
6.770358 312.130158 
6.985949 414.860765 
7.575822 64.285034 
7.795765 399.375537 
8.011108 407.907555 
8.223506 302.074796 
8.432601 475.955773 
8.650565 291.423291 
8.851112 378.167306 
9.057469 425.669452 
9.269556 362.116013 
9.473292 429.575620 
9.676014 380.421822 
9.880946 370.074366 
10.087664 366.875576 
10.293827 366.312597 
10.494048 255.717029 
10.707183 532.246562 
10.908784 435.711260 
11.117890 359.625462 
11.320091 375.073201 
11.531724 421.105888 
11.741364 423.584439 
11.968402 332.630522 
12.169098 444.054601 
12.371962 370.693033 
12.581228 363.937961 
12.796573 406.417103 
13.001746 314.271265 
13.212057 413.104139 
13.436391 340.919445 
13.642096 486.911350 
13.857538 300.776139 
14.064914 484.530447 
14.287652 341.927508 
14.490968 430.461396 
14.706531 413.429924 
14.912629 308.202227 

