1.047128 0.584873 
1.283780 269.763324 
1.513102 440.951972 
1.740969 382.678737 
1.978776 419.835962 
2.199449 456.785019 
2.415456 297.027417 
2.630358 411.722830 
2.851178 400.688278 
3.070449 345.873680 
3.320346 403.365541 
3.524345 492.552429 
3.743152 345.143401 
3.970003 388.625438 
4.172822 434.673644 
4.377785 373.141048 
4.583721 369.822451 
4.801819 402.754291 
5.006765 308.375073 
5.210996 433.233280 
5.452073 318.571055 
5.671429 345.739354 
6.559727 86.097189 
6.761471 372.750215 
6.981215 402.650236 
7.186992 370.109120 
7.393864 424.611617 
7.608196 352.349735 
7.820605 419.569090 
8.039753 451.200330 
8.282365 268.412802 
8.517653 322.328707 
8.720332 489.442817 
8.922681 379.542216 
9.153355 386.345338 
9.356632 433.695096 
9.559768 370.195468 
9.767271 245.201028 
9.974367 427.240897 
10.177289 499.898466 
10.407771 327.660493 
10.615097 425.223635 
10.827284 472.036543 
11.055538 281.090313 
11.268468 523.739931 
11.491068 347.888850 
11.707126 411.000164 
11.927182 234.123092 
12.129239 553.506225 
12.330624 321.772229 
12.896752 111.635494 
13.121682 338.593632 
13.323176 434.356247 
13.539673 348.826661 
13.780995 367.972833 
13.986906 368.314931 
14.187203 500.057145 
14.388081 435.687389 
14.592492 194.901828 
14.800754 538.550924 

