1.082759 20.591716 
1.295485 400.890313 
1.495775 428.978299 
1.696216 308.919352 
1.918175 389.981670 
2.120665 363.473605 
2.321509 368.046894 
2.536557 398.052000 
2.745192 416.420887 
2.953041 358.721106 
3.178631 378.032114 
3.380866 424.851366 
3.599846 393.826035 
3.822694 336.013612 
4.038024 399.015496 
4.240645 424.043165 
4.459774 393.557597 
4.680495 390.719081 
4.900392 392.184057 
5.106473 418.475877 
5.324454 340.581247 
5.528986 477.186153 
5.734980 303.698038 
5.935678 487.898364 
6.139449 364.330074 
6.346260 415.452209 
6.547936 308.612669 
6.751611 421.849763 
6.955260 421.901028 
7.164756 357.430817 
7.377527 347.414863 
7.580342 482.806012 
7.803967 333.415210 
8.005036 427.315021 
8.210524 418.126553 
8.412823 365.400628 
8.614211 426.638269 
8.819010 362.501788 
9.037616 394.499405 
9.260750 387.928573 
9.462340 368.272853 
9.665054 422.269811 
9.873484 357.722068 
10.104907 423.121213 
10.311439 361.009161 
10.531507 446.407626 
10.733157 366.574612 
10.946106 403.476972 
11.172270 381.315933 
11.379210 360.298910 
11.583114 421.373855 
11.795730 402.603736 
12.019872 334.074980 
12.221690 366.269722 
12.438675 505.103190 
12.659641 337.428346 
12.871895 351.276350 
13.074031 425.061842 
13.289463 453.043270 
13.499130 352.558150 
13.854358 35.582821 
14.066086 756.441856 
14.266867 731.543954 
14.477648 762.876389 
14.682436 782.077778 
14.883656 794.353254 

