1.047128 0.584873 
1.283780 269.763324 
1.513102 440.951972 
1.740969 382.678737 
1.978776 419.835962 
2.199449 456.785019 
2.436146 269.711868 
2.636686 441.208439 
2.864328 387.275573 
3.064852 442.839660 
3.275569 418.381131 
3.489442 359.091792 
3.695844 368.987575 
3.909512 464.272426 
4.122779 363.111792 
4.336149 350.941146 
4.544280 426.653030 
4.768234 450.093774 
4.981784 358.136291 
5.197815 351.060467 
5.400624 370.791386 
5.655649 348.201224 
5.869380 415.475219 
6.082954 468.971135 
6.315283 276.160042 
6.523823 421.214650 
6.731788 360.059663 
6.949568 407.751703 
7.154219 369.019123 
7.383017 436.366432 
7.589571 307.523036 
7.806686 349.307015 
8.011160 429.590316 
8.225742 472.733030 
8.460621 376.705838 
8.664752 250.819229 
8.872319 544.979187 
9.075888 251.512178 
9.293193 514.667644 
9.505790 301.792415 
9.706533 435.978593 
9.912316 308.674646 
10.137192 446.825701 
10.338207 386.835343 
10.542356 430.274036 
10.748100 367.059456 
10.966544 290.783225 
11.167242 442.455972 
11.396001 487.499223 
11.606095 308.434608 
11.814941 417.531039 
12.026760 419.226753 
12.255122 330.702894 
12.469818 415.098989 
12.691015 230.021002 
12.892422 373.373652 
13.092611 318.897742 
13.293062 439.808520 
13.496041 675.538572 
13.708275 600.091429 
13.908917 563.790259 
14.121929 596.399140 
14.332227 426.823303 
14.534903 799.698538 
14.765936 499.323455 
14.967736 621.603289 

